          20000        4.48688        0.31451  2
          20000        2.86967        0.10955  1
          20000        3.90526        0.21510  2
          20000        5.74250        0.71536  1
          20000        2.97003        0.11694  2
          20000        2.07687        0.06547  2
          20000        1.98284        0.06160  2
          20000        1.87914        0.05760  2
          20000        4.36257        0.28997  2
          20000        3.25065        0.14037  2
          20000        1.02718        0.03322  2
          20000        4.64914        0.34970  2
          20000        3.97512        0.22514  1
          20000        2.44049        0.08288  2
          20000        3.37185        0.15191  1
          20000        3.29394        0.14439  1
          20000        1.39061        0.04199  2
          20000        3.20721        0.13646  2
          20000        1.29100        0.03938  2
          20000        2.60439        0.09219  2
          20000        2.15969        0.06908  2
          20000        1.19394        0.03699  1
          20000        2.51898        0.08722  2
          20000        5.83443        0.75977  2
          20000        2.05106        0.06438  2
          20000        1.67244        0.05038  2
          20000        1.98772        0.06179  2
          20000        1.53369        0.04606  2
          20000        1.25260        0.03841  2
          20000        2.49624        0.08594  2
          20000        3.41011        0.15574  1
          20000        2.54830        0.08889  2
          20000        3.53798        0.16928  2
          20000        1.31257        0.03993  2
          20000        1.57647        0.04735  2
          20000        3.32500        0.14734  2
          20000        2.72736        0.09986  2
          20000        3.24201        0.13959  1
          20000        4.99719        0.43911  2
          20000        2.93404        0.11423  2
          20000        2.66907        0.09615  2
          20000        2.09377        0.06619  2
          20000        1.40973        0.04252  2
          20000        3.55373        0.17103  2
          20000        0.96092        0.03183  2
          20000        3.31015        0.14592  1
          20000        1.18141        0.03669  2
          20000        2.45110        0.08346  2
          20000        1.20854        0.03734  2
          20000        1.15070        0.03597  2
          20000        4.33762        0.28528  1
          20000        1.48861        0.04474  2
          20000        3.52540        0.16790  1
          20000        1.17841        0.03662  2
          20000        4.18578        0.25834  2
          20000        2.97645        0.11743  2
          20000        4.36866        0.29112  2
          20000        3.89156        0.21319  2
          20000        2.22355        0.07200  2
          20000        2.41807        0.08169  2
          20000        2.26162        0.07380  2
          20000        3.58412        0.17445  2
          20000        6.11283        0.91186  2
          20000        1.90079        0.05841  2
          20000        3.95031        0.22152  2
          20000        1.58899        0.04774  2
          40000        3.95866        0.22273  2
          40000        4.97375        0.43242  1
          40000        2.74288        0.10088  2
          40000        4.62741        0.34477  2
          40000        2.76969        0.10265  2
          40000        3.04773        0.12300  1
          40000        3.28068        0.14315  2
          40000        3.02890        0.12150  1
          40000        2.66390        0.09583  2
          40000        3.70027        0.18817  2
          40000        0.86132        0.02985  2
          40000        4.16551        0.25494  2
          40000        1.26034        0.03861  2
          40000        2.02918        0.06347  2
          40000        4.40638        0.29839  2
          40000        2.41805        0.08168  2
          40000        1.51584        0.04553  2
          40000        3.55365        0.17102  2
          40000        5.55067        0.63087  2
          40000        2.60173        0.09203  2
          40000        2.98643        0.11819  2
          40000        5.30138        0.53585  1
          40000        1.41903        0.04277  2
          40000        3.54867        0.17046  2
          40000        1.75390        0.05311  2
          40000        1.13727        0.03566  2
          40000        2.86699        0.10935  2
          40000        2.93636        0.11440  1
          40000        0.64733        0.02602  2
          40000        2.01398        0.06285  2
          40000        2.20464        0.07112  2
          40000        0.96559        0.03193  2
          40000        5.64620        0.67162  2
          40000        2.25096        0.07329  1
          40000        1.83921        0.05613  2
          40000        0.86611        0.02995  2
          40000        5.60882        0.65537  2
          40000        3.78327        0.19864  2
          40000        1.35048        0.04092  2
          40000        1.32216        0.04018  2
          40000        3.46272        0.16117  2
          40000        3.34019        0.14880  2
          40000        0.10044        0.01832  2
          40000        2.16330        0.06924  2
          40000        1.25860        0.03856  2
          40000        2.18642        0.07029  2
          40000        4.80846        0.38810  2
          40000        1.14778        0.03590  2
          40000        2.48872        0.08552  2
          40000        3.94763        0.22114  1
          40000        5.41656        0.57782  2
          40000        2.56592        0.08992  2
          40000        3.58024        0.17401  2
          40000        1.45200        0.04369  2
          40000        0.73109        0.02745  2
          40000        3.67717        0.18536  2
          40000        3.47870        0.16286  2
          40000        5.32327        0.54359  1
          40000        2.59386        0.09156  1
          40000        5.77392        0.73024  2
          40000        3.31349        0.14624  2
          40000        2.32836        0.07707  2
          40000        4.21147        0.26271  2
          40000        1.96962        0.06107  2
          40000        2.68029        0.09685  2
          40000        2.56667        0.08996  2
          40000        3.25906        0.14115  2
          40000        0.98868        0.03240  2
          40000        2.29265        0.07530  2
          40000        1.59120        0.04781  2
          40000        4.22584        0.26519  1
          40000        3.02279        0.12102  2
          40000        1.93801        0.05983  2
          40000        2.61792        0.09301  2
          40000        3.58129        0.17413  2
          40000        0.92419        0.03109  2
          40000        1.98840        0.06182  2
          40000        3.36234        0.15097  1
          40000        0.51789        0.02394  2
          40000        2.28930        0.07514  2
          40000        5.24479        0.51636  2
          40000        3.55301        0.17094  2
          40000        3.52168        0.16749  2
          40000        3.46227        0.16113  2
          40000        0.30628        0.02090  2
          40000        3.54763        0.17035  1
          40000        2.95931        0.11612  2
          40000        3.02864        0.12148  2
          40000        1.62819        0.04896  2
          40000        3.24619        0.13997  2
          40000        4.65504        0.35106  2
          40000        2.26830        0.07412  2
          40000        2.97052        0.11697  2
          40000        3.42519        0.15728  2
          40000        1.36220        0.04123  2
          60000        3.05566        0.12364  2
          60000        0.78163        0.02836  2
          60000        4.73157        0.36907  1
          60000        1.15457        0.03606  2
          60000        3.53516        0.16897  2
          60000        5.91955        0.80336  1
          60000        2.48029        0.08505  2
          60000        4.48558        0.31424  2
          60000        3.24568        0.13992  1
          60000        2.23927        0.07274  2
          60000        3.05092        0.12326  1
          60000        1.31382        0.03996  2
          60000        4.22695        0.26538  2
          60000        2.53298        0.08801  2
          60000        1.46652        0.04410  2
          60000        2.75174        0.10146  1
          60000        3.91310        0.21621  2
          60000        2.24664        0.07308  2
          60000        3.69822        0.18792  2
          60000        1.17972        0.03665  2
          60000        2.65921        0.09554  2
          60000        2.23170        0.07238  2
          60000        2.23741        0.07265  2
          60000        2.28413        0.07488  2
          60000        2.04647        0.06419  2
          60000        5.22693        0.51036  2
          60000        3.52287        0.16762  2
          60000        1.92531        0.05934  2
          60000        5.06843        0.46006  2
          60000        4.19389        0.25971  2
          60000        4.83786        0.39564  2
          60000        2.99166        0.11859  2
          60000        5.25274        0.51905  1
          60000        3.74789        0.19411  2
          60000        1.65244        0.04974  2
          60000        2.72943        0.10000  2
          60000        4.07606        0.24048  1
          60000        2.07203        0.06526  2
          60000        2.25141        0.07331  2
          60000        3.35453        0.15020  2
          60000        2.23278        0.07243  2
          60000        0.35754        0.02160  2
          60000        3.30003        0.14496  2
          60000        3.77627        0.19774  2
          60000        0.67924        0.02655  2
          60000        1.04170        0.03353  2
          60000        3.40239        0.15496  2
          60000        3.10672        0.12782  1
          60000        1.58293        0.04755  2
          60000        3.19780        0.13562  2
          60000        2.21641        0.07167  2
          60000        0.71792        0.02722  2
          60000        0.41960        0.02248  2
          60000        6.02942        0.86334  2
          60000        0.51805        0.02394  2
          60000        2.98360        0.11797  1
          60000        3.90955        0.21571  2
          60000        3.87846        0.21137  2
          60000        1.63295        0.04911  2
          60000        0.36602        0.02172  2
          60000        4.93614        0.42191  2
          60000        3.97039        0.22444  2
          60000        3.05733        0.12377  1
          60000        1.42254        0.04287  2
          60000        5.11910        0.47558  2
          60000        1.25647        0.03851  2
          60000        4.91316        0.41562  2
          60000        3.45501        0.16037  2
          60000        2.14679        0.06850  2
          60000        0.37339        0.02182  2
          60000        1.91523        0.05896  2
          60000        3.87810        0.21132  2
          60000        0.85735        0.02978  2
          60000        2.38933        0.08018  2
          60000        5.16076        0.48872  2
          60000        0.53601        0.02422  2
          60000        0.82528        0.02917  2
          60000        1.63387        0.04914  2
          60000        4.51563        0.32047  2
          60000        2.79804        0.10456  1
          60000        1.82275        0.05553  2
          60000        4.40644        0.29840  2
          60000        1.87664        0.05750  2
          60000        2.44955        0.08337  2
          60000        3.44020        0.15883  2
          60000        2.46820        0.08439  2
          60000        1.20384        0.03723  2
          60000        6.30845        1.03666  1
          60000        5.05878        0.45717  1
          60000        5.52975        0.62229  2
          60000        4.26372        0.27183  1
          60000        3.14143        0.13074  2
          60000        3.69390        0.18740  2
          60000        3.67187        0.18472  2
          60000        1.20243        0.03719  2
          60000        2.71397        0.09900  2
          60000        0.98071        0.03224  2
          60000        4.05738        0.23756  2
          60000        4.45327        0.30767  2
          60000        4.79111        0.38373  2
          60000        5.74683        0.71738  1
          60000        1.34979        0.04090  2
          60000        1.43292        0.04316  2
          60000        3.89886        0.21421  1
          60000        3.32260        0.14711  2
          60000        1.50732        0.04528  2
          60000        4.51492        0.32033  1
          60000        1.66501        0.05014  2
          60000        2.49188        0.08570  2
          60000        2.85480        0.10849  1
          60000        0.96615        0.03194  2
          60000        1.47482        0.04434  2
          60000        3.09065        0.12649  1
          60000        5.09810        0.46909  2
          60000        0.67733        0.02652  2
          60000        5.75420        0.72086  2
          60000        1.26654        0.03876  2
          60000        1.84251        0.05625  2
          60000        2.16437        0.06929  2
          60000        0.87862        0.03019  2
          60000        2.87445        0.10989  2
          60000        3.70144        0.18832  2
          60000        3.83753        0.20580  2
          60000        5.46296        0.59566  2
          60000        3.52925        0.16832  2
          60000        1.47529        0.04435  2
          60000        4.11186        0.24616  1
          60000        1.51213        0.04542  2
          60000        4.57786        0.33378  1
          60000        1.79162        0.05442  2
          60000        3.12042        0.12896  1
          60000        2.60152        0.09202  2
          60000        4.21009        0.26247  1
          60000        2.00080        0.06232  2
          60000        5.96571        0.82803  2
          60000        2.12181        0.06740  2
          60000        3.75283        0.19474  2
          60000        2.06438        0.06494  2
          60000        5.56676        0.63756  2
          60000        0.84690        0.02958  2
          80000        3.14531        0.13107  1
          80000        2.89818        0.11160  2
          80000        1.08342        0.03444  2
          80000        1.62291        0.04880  2
          80000        3.03912        0.12231  2
          80000        2.46159        0.08403  2
          80000        4.76359        0.37688  2
          80000        4.41319        0.29972  2
          80000        1.63172        0.04907  2
          80000        1.71988        0.05195  2
          80000        5.14118        0.48250  2
          80000        2.18723        0.07032  2
          80000        1.37102        0.04147  2
          80000        2.88527        0.11066  1
          80000        3.04757        0.12299  2
          80000        2.08828        0.06595  2
          80000        2.96558        0.11660  2
          80000        1.53973        0.04624  2
          80000        3.48235        0.16325  2
          80000        6.50619        1.18021  1
          80000        2.28365        0.07486  2
          80000        2.56592        0.08992  2
          80000        2.52745        0.08770  2
          80000        1.28018        0.03910  2
          80000        1.90499        0.05857  2
          80000        5.20272        0.50233  2
          80000        2.74751        0.10118  2
          80000        1.87858        0.05757  2
          80000        4.33736        0.28523  2
          80000        2.91724        0.11299  2
          80000        3.65966        0.18326  2
          80000        3.79360        0.19999  2
          80000        5.36873        0.56001  2
          80000        3.15056        0.13152  2
          80000        5.13136        0.47941  1
          80000        3.31714        0.14659  2
          80000        2.46147        0.08402  2
          80000        2.73819        0.10057  2
          80000        2.58422        0.09099  2
          80000        2.71364        0.09898  2
          80000        4.15007        0.25238  1
          80000        2.92258        0.11338  2
          80000        4.14810        0.25206  2
          80000        1.50613        0.04525  2
          80000        0.33634        0.02131  2
          80000        4.34441        0.28655  2
          80000        2.92563        0.11361  2
          80000        0.35239        0.02153  2
          80000        1.53179        0.04600  2
          80000        2.71234        0.09889  2
          80000        2.76886        0.10259  1
          80000        3.50930        0.16614  2
          80000        1.80115        0.05476  2
          80000        2.53635        0.08821  2
          80000        0.88944        0.03040  2
          80000        2.02908        0.06347  2
          80000        0.50362        0.02372  2
          80000        4.72940        0.36855  2
          80000        0.21513        0.01972  2
          80000        4.69273        0.35981  1
          80000        3.04785        0.12301  1
          80000        4.07927        0.24098  2
          80000        4.27315        0.27351  2
          80000        3.72978        0.19183  2
          80000        1.60796        0.04833  2
          80000        0.27221        0.02045  2
          80000        5.31626        0.54110  2
          80000        4.66947        0.35438  2
          80000        3.21961        0.13756  1
          80000        1.72645        0.05218  2
          80000        4.38376        0.29401  2
          80000        1.14048        0.03573  2
          80000        3.80643        0.20167  2
          80000        4.67121        0.35479  2
          80000        3.93526        0.21936  2
          80000        1.32286        0.04020  2
          80000        1.10577        0.03494  2
          80000        1.35051        0.04092  2
          80000        4.88369        0.40768  2
          80000        0.42226        0.02252  2
          80000        0.79198        0.02855  2
          80000        2.01519        0.06290  2
          80000        5.25943        0.52133  2
          80000        0.96591        0.03193  2
          80000        1.32862        0.04035  2
          80000        2.15664        0.06894  2
          80000        4.51119        0.31954  2
          80000        1.76645        0.05354  2
          80000        4.37987        0.29326  2
          80000        1.82545        0.05563  2
          80000        1.34531        0.04078  2
          80000        3.17502        0.13363  2
          80000        2.40198        0.08084  2
          80000        0.22369        0.01983  2
          80000        5.67402        0.68397  1
          80000        4.88425        0.40783  1
          80000        5.66658        0.68064  2
          80000        5.83590        0.76050  2
          80000        3.26179        0.14140  2
          80000        3.99136        0.22754  2
          80000        5.54320        0.62779  2
          80000        0.96424        0.03190  2
          80000        2.32102        0.07670  2
          80000        2.10493        0.06667  2
          80000        4.82357        0.39196  2
          80000        3.40483        0.15521  2
          80000        2.95159        0.11554  2
          80000        4.80539        0.38733  2
          80000        5.94883        0.81892  1
          80000        0.98974        0.03243  2
          80000        1.60478        0.04823  2
          80000        7.13759        1.78604  1
          80000        2.97844        0.11758  2
          80000        4.44629        0.30627  2
          80000        1.31433        0.03998  2
          80000        3.22506        0.13805  1
          80000        1.49431        0.04490  2
          80000        2.00649        0.06255  2
          80000        2.98819        0.11833  1
          80000        0.83156        0.02929  2
          80000        2.15114        0.06870  2
          80000        3.26637        0.14182  1
          80000        4.97532        0.43287  2
          80000        0.70692        0.02703  2
          80000        5.66178        0.67851  2
          80000        2.93716        0.11446  2
          80000        1.38254        0.04178  2
          80000        2.08037        0.06562  2
          80000        1.86542        0.05709  2
          80000        1.40234        0.04231  2
          80000        3.54933        0.17054  2
          80000        4.50068        0.31736  2
          80000        3.81285        0.20252  2
          80000        4.22362        0.26480  2
          80000        6.35431        1.06831  1
          80000        3.81668        0.20302  2
          80000        1.43890        0.04332  2
          80000        3.86865        0.21003  1
          80000        2.38509        0.07996  2
          80000        4.98499        0.43562  1
          80000        2.17908        0.06995  2
          80000        3.50090        0.16524  1
          80000        2.04265        0.06403  2
          80000        3.03817        0.12224  2
          80000        3.61351        0.17782  1
          80000        2.09307        0.06616  2
          80000        2.01580        0.06293  2
          80000        5.01003        0.44281  2
          80000        1.83395        0.05593  2
          80000        3.94047        0.22010  2
          80000        3.05055        0.12323  1
          80000        5.04944        0.45438  1
          80000        3.07713        0.12538  2
          80000        6.99354        1.62490  2
          80000        2.98484        0.11807  2
         100000        1.20782        0.03732  2
         100000        1.41862        0.04276  2
         100000        2.05455        0.06453  2
         100000        2.44885        0.08333  2
         100000        1.95938        0.06067  2
         100000        4.62213        0.34358  2
         100000        4.26230        0.27158  2
         100000        2.31739        0.07652  2
         100000        1.16949        0.03641  2
         100000        2.04893        0.06429  2
         100000        4.91838        0.41704  2
         100000        1.76107        0.05336  2
         100000        0.92046        0.03101  2
         100000        2.88614        0.11073  2
         100000        0.26036        0.02030  2
         100000        4.21559        0.26342  2
         100000        3.05597        0.12366  2
         100000        3.37993        0.15271  2
         100000        1.92114        0.05918  2
         100000        2.88221        0.11044  2
         100000        6.51804        1.18942  1
         100000        3.37863        0.15258  1
         100000        1.97783        0.06140  2
         100000        3.22286        0.13786  2
         100000        1.67593        0.05050  2
         100000        1.76924        0.05364  2
         100000        2.92634        0.11366  2
         100000        6.53340        1.20146  2
         100000        2.08227        0.06570  2
         100000        1.64296        0.04943  2
         100000        4.22883        0.26571  2
         100000        3.18202        0.13424  2
         100000        3.50549        0.16573  2
         100000        3.70879        0.18922  2
         100000        5.82851        0.75683  2
         100000        2.23115        0.07235  2
         100000        3.93892        0.21988  2
         100000        2.28301        0.07483  2
         100000        1.44449        0.04348  2
         100000        1.82120        0.05547  2
         100000        3.43404        0.15819  2
         100000        3.60759        0.17714  2
         100000        2.34151        0.07773  2
         100000        4.09240        0.24306  2
         100000        2.07245        0.06528  2
         100000        1.03320        0.03335  2
         100000        4.22852        0.26565  2
         100000        3.08562        0.12607  2
         100000        0.28923        0.02068  2
         100000        1.59893        0.04804  2
         100000        3.37308        0.15203  2
         100000        2.69478        0.09777  1
         100000        3.05425        0.12352  2
         100000        1.08578        0.03450  2
         100000        2.69314        0.09767  2
         100000        0.73068        0.02745  2
         100000        1.58807        0.04771  2
         100000        0.61670        0.02551  2
         100000        5.14371        0.48330  2
         100000        5.23953        0.51459  1
         100000        1.90445        0.05855  2
         100000        5.74908        0.71845  2
         100000        4.28760        0.27611  2
         100000        3.09399        0.12676  1
         100000        2.64320        0.09455  2
         100000        5.20824        0.50415  2
         100000        2.35331        0.07832  2
         100000        3.97866        0.22566  2
         100000        2.46200        0.08405  2
         100000        1.34856        0.04087  2
         100000        5.38973        0.56776  2
         100000        5.22938        0.51118  2
         100000        4.11299        0.24634  2
         100000        1.29419        0.03946  2
         100000        4.84303        0.39698  2
         100000        5.60597        0.65415  1
         100000        2.21851        0.07176  2
         100000        1.42377        0.04290  2
         100000        4.36814        0.29102  2
         100000        4.94367        0.42400  2
         100000        3.92792        0.21831  2
         100000        1.22656        0.03777  2
         100000        0.74936        0.02778  2
         100000        1.78329        0.05413  2
         100000        4.32573        0.28307  2
         100000        1.21503        0.03749  2
         100000        0.86877        0.03000  2
         100000        1.56561        0.04702  2
         100000        1.99948        0.06226  2
         100000        5.70977        0.70018  2
         100000        4.36121        0.28971  1
         100000        0.96023        0.03182  2
         100000        1.31583        0.04001  2
         100000        2.15155        0.06871  2
         100000        3.14381        0.13094  2
         100000        0.97247        0.03207  2
         100000        3.95233        0.22181  1
         100000        5.70770        0.69923  2
         100000        1.77660        0.05390  2
         100000        0.74922        0.02778  2
         100000        1.46182        0.04397  2
         100000        1.45265        0.04371  2
         100000        2.21055        0.07139  2
         100000        0.58020        0.02492  2
         100000        0.74432        0.02769  2
         100000        2.89246        0.11118  2
         100000        0.50410        0.02373  2
         100000        5.46967        0.59827  2
         100000        7.56727        2.36812  2
         100000        2.77317        0.10288  2
         100000        3.15892        0.13223  2
         100000        4.83966        0.39611  2
         100000        1.46712        0.04412  2
         100000        2.73371        0.10028  2
         100000        2.98310        0.11793  1
         100000        1.31216        0.03992  2
         100000        1.79719        0.05462  2
         100000        4.90158        0.41248  2
         100000        3.99537        0.22814  2
         100000        3.37391        0.15211  2
         100000        4.15216        0.25273  2
         100000        5.23708        0.51376  1
         100000        1.06823        0.03411  2
         100000        0.77533        0.02825  2
         100000        6.10939        0.90982  1
         100000        4.72279        0.36696  1
         100000        4.47350        0.31177  2
         100000        5.02725        0.44783  2
         100000        3.21019        0.13672  2
         100000        1.39453        0.04210  2
         100000        3.55243        0.17088  1
         100000        0.71080        0.02710  2
         100000        2.59130        0.09141  2
         100000        0.90895        0.03078  2
         100000        1.50684        0.04527  2
         100000        3.26248        0.14146  2
         100000        3.15281        0.13171  1
         100000        3.74942        0.19431  2
         100000        0.57081        0.02477  2
         100000        5.22007        0.50807  2
         100000        2.51184        0.08681  2
         100000        1.38606        0.04187  2
         100000        1.63048        0.04903  2
         100000        2.54915        0.08894  2
         100000        0.77574        0.02825  2
         100000        3.99234        0.22768  2
         100000        4.55701        0.32926  2
         100000        3.54012        0.16951  2
         100000        0.43610        0.02272  2
         100000        4.52988        0.32347  2
         100000        5.93499        0.81153  1
         100000        4.69508        0.36037  2
         100000        0.84635        0.02957  2
         100000        2.19783        0.07081  2
         100000        3.51296        0.16654  1
         100000        2.40937        0.08123  2
         100000        3.60713        0.17708  2
         100000        6.12720        0.92050  2
         100000        3.25632        0.14089  2
         100000        1.93103        0.05956  2
         100000        3.19127        0.13505  1
         100000        2.24260        0.07289  2
         100000        2.75015        0.10135  2
         100000        2.52410        0.08751  2
         100000        6.00783        0.85122  2
         100000        4.38956        0.29513  1
         100000        1.07110        0.03417  2
         100000        3.17782        0.13387  2
         100000        5.19058        0.49836  2
         100000        3.15654        0.13203  1
         100000        2.59482        0.09162  2
         100000        7.19335        1.85262  2
         100000        1.35087        0.04093  2
         100000        2.28363        0.07486  2
         100000        3.70991        0.18936  2
         120000        0.52760        0.02409  2
         120000        0.69634        0.02685  2
         120000        0.64969        0.02606  2
         120000        3.03211        0.12176  2
         120000        6.35465        1.06854  1
         120000        3.10956        0.12805  2
         120000        3.44300        0.15912  2
         120000        5.22330        0.50914  2
         120000        4.07775        0.24074  1
         120000        1.72354        0.05208  2
         120000        2.65277        0.09514  2
         120000        1.34236        0.04071  2
         120000        4.31037        0.28024  2
         120000        0.91575        0.03092  2
         120000        0.20998        0.01965  2
         120000        2.84978        0.10814  2
         120000        0.92646        0.03113  2
         120000        5.41853        0.57857  2
         120000        2.62253        0.09329  2
         120000        2.62462        0.09341  2
         120000        0.58786        0.02504  2
         120000        2.66107        0.09565  2
         120000        3.67605        0.18523  1
         120000        2.37851        0.07961  2
         120000        2.92508        0.11357  2
         120000        3.32778        0.14761  2
         120000        1.71027        0.05163  2
         120000        1.82117        0.05547  2
         120000        2.40601        0.08105  2
         120000        5.77639        0.73142  2
         120000        1.19104        0.03692  2
         120000        2.42411        0.08201  2
         120000        5.28516        0.53019  2
         120000        2.68344        0.09705  2
         120000        2.95578        0.11586  2
         120000        4.57209        0.33252  2
         120000        3.67106        0.18462  1
         120000        5.26769        0.52416  2
         120000        2.62772        0.09360  2
         120000        3.63683        0.18055  2
         120000        3.55733        0.17143  2
         120000        2.51847        0.08719  2
         120000        2.15944        0.06907  2
         120000        0.60593        0.02533  2
         120000        2.43126        0.08239  2
         120000        3.01745        0.12060  2
         120000        3.00816        0.11987  2
         120000        3.67379        0.18495  2
         120000        2.04782        0.06425  2
         120000        0.50668        0.02377  2
         120000        2.77066        0.10271  2
         120000        3.59535        0.17573  2
         120000        2.10361        0.06661  2
         120000        0.41556        0.02242  2
         120000        0.51399        0.02388  2
         120000        3.39802        0.15452  2
         120000        2.78280        0.10353  1
         120000        4.54657        0.32702  2
         120000        1.29369        0.03945  2
         120000        2.68571        0.09720  2
         120000        0.15687        0.01899  2
         120000        0.66376        0.02629  2
         120000        1.20017        0.03714  2
         120000        1.65278        0.04975  2
         120000        0.39245        0.02209  2
         120000        5.35623        0.55544  2
         120000        2.88270        0.11048  2
         120000        4.58571        0.33550  2
         120000        5.70415        0.69760  2
         120000        3.71701        0.19024  2
         120000        3.41777        0.15652  1
         120000        1.53956        0.04624  2
         120000        4.49305        0.31578  2
         120000        1.54693        0.04646  2
         120000        2.81960        0.10604  2
         120000        3.33701        0.14850  2
         120000        0.67460        0.02648  2
         120000        5.58941        0.64709  2
         120000        4.81192        0.38898  2
         120000        4.13228        0.24947  2
         120000        4.79302        0.38421  2
         120000        0.99151        0.03246  2
         120000        4.14575        0.25167  2
         120000        3.68957        0.18687  2
         120000        0.83573        0.02937  2
         120000        1.01772        0.03302  2
         120000        4.64782        0.34940  2
         120000        5.29623        0.53405  2
         120000        2.99120        0.11856  2
         120000        2.31831        0.07656  2
         120000        0.08840        0.01818  2
         120000        1.16454        0.03629  2
         120000        5.22501        0.50972  1
         120000        3.92287        0.21759  2
         120000        4.05376        0.23700  2
         120000        1.65099        0.04969  2
         120000        0.84958        0.02963  2
         120000        2.56258        0.08972  2
         120000        2.55729        0.08941  2
         120000        4.53147        0.32381  2
         120000        4.11058        0.24596  1
         120000        0.32189        0.02111  2
         120000        0.93526        0.03131  2
         120000        1.79926        0.05469  2
         120000        3.93209        0.21890  2
         120000        1.16666        0.03634  2
         120000        4.94644        0.42477  2
         120000        2.10220        0.06655  2
         120000        1.54071        0.04627  2
         120000        0.71436        0.02716  2
         120000        1.91997        0.05914  2
         120000        5.15338        0.48637  2
         120000        2.83985        0.10744  2
         120000        0.49425        0.02358  2
         120000        0.40824        0.02231  2
         120000        2.16191        0.06918  2
         120000        4.72034        0.36637  2
         120000        1.60061        0.04810  2
         120000        4.90167        0.41251  2
         120000        3.74673        0.19397  2
         120000        3.21419        0.13708  2
         120000        4.91609        0.41642  2
         120000        1.16476        0.03630  2
         120000        0.73928        0.02760  2
         120000        1.82090        0.05546  2
         120000        1.85913        0.05685  2
         120000        2.22430        0.07203  2
         120000        3.70157        0.18833  2
         120000        4.21484        0.26329  2
         120000        2.52856        0.08776  2
         120000        4.43344        0.30371  2
         120000        0.79282        0.02857  2
         120000        1.08286        0.03443  2
         120000        5.59649        0.65010  1
         120000        4.30705        0.27964  2
         120000        5.74488        0.71647  2
         120000        3.91567        0.21657  2
         120000        1.35969        0.04116  2
         120000        0.98456        0.03232  2
         120000        2.14501        0.06842  2
         120000        0.90309        0.03067  2
         120000        2.71897        0.09932  2
         120000        0.93935        0.03139  2
         120000        4.89477        0.41065  2
         120000        4.15538        0.25326  2
         120000        4.48279        0.31367  2
         120000        0.27528        0.02049  2
         120000        4.97619        0.43312  2
         120000        4.33791        0.28533  2
         120000        1.22388        0.03771  2
         120000        2.87932        0.11023  2
         120000        2.30128        0.07572  2
         120000        1.38240        0.04177  2
         120000        2.48463        0.08529  2
         120000        3.34351        0.14913  2
         120000        4.47852        0.31279  2
         120000        0.70243        0.02695  2
         120000        3.81711        0.20308  2
         120000        4.01703        0.23138  2
         120000        1.15669        0.03611  2
         120000        2.66022        0.09560  2
         120000        1.45244        0.04370  2
         120000        4.44934        0.30688  2
         120000        5.81462        0.74997  2
         120000        3.07726        0.12539  2
         120000        2.26981        0.07419  2
         120000        3.75734        0.19531  1
         120000        3.06975        0.12478  2
         120000        0.28790        0.02066  2
         120000        4.23274        0.26638  2
         120000        2.04552        0.06415  2
         120000        7.38117        2.09572  2
         120000        1.49106        0.04481  2
         120000        3.39066        0.15378  2
         120000        5.31153        0.53942  2
         120000        3.33918        0.14871  1
         120000        1.08443        0.03447  2
         120000        7.73725        2.64780  2
         120000        1.77769        0.05393  2
         120000        3.73176        0.19208  2
         120000        2.68050        0.09687  2
         120000        2.23952        0.07275  2
         140000        2.14313        0.06834  2
         140000        1.15151        0.03599  2
         140000        1.10878        0.03501  2
         140000        2.62760        0.09359  2
         140000        6.91892        1.54724  1
         140000        2.89616        0.11145  2
         140000        3.68015        0.18572  2
         140000        5.19115        0.49854  2
         140000        3.44825        0.15966  2
         140000        2.11002        0.06689  2
         140000        1.73962        0.05262  2
         140000        4.39379        0.29594  2
         140000        2.19290        0.07058  2
         140000        0.54165        0.02431  2
         140000        4.33808        0.28536  1
         140000        2.92226        0.11336  2
         140000        0.74887        0.02777  2
         140000        4.31458        0.28102  2
         140000        2.00885        0.06264  2
         140000        2.45828        0.08385  2
         140000        1.10760        0.03499  2
         140000        3.39721        0.15444  2
         140000        3.46958        0.16190  1
         140000        2.99798        0.11908  2
         140000        2.54294        0.08859  2
         140000        3.05912        0.12392  2
         140000        1.49398        0.04489  2
         140000        1.56641        0.04705  2
         140000        1.96155        0.06075  2
         140000        5.76110        0.72412  2
         140000        0.78148        0.02836  2
         140000        4.22614        0.26524  2
         140000        2.01905        0.06306  2
         140000        4.81932        0.39087  2
         140000        3.31003        0.14591  2
         140000        3.74690        0.19399  2
         140000        4.47882        0.31285  1
         140000        4.45633        0.30829  2
         140000        4.00214        0.22914  1
         140000        5.79251        0.73918  2
         140000        3.32985        0.14781  2
         140000        2.77800        0.10321  2
         140000        2.79726        0.10451  2
         140000        3.49402        0.16450  2
         140000        0.82042        0.02908  2
         140000        2.23632        0.07260  2
         140000        1.22800        0.03781  2
         140000        0.92021        0.03101  2
         140000        4.20899        0.26228  2
         140000        3.33585        0.14839  2
         140000        4.45807        0.30864  2
         140000        1.87122        0.05730  2
         140000        0.25127        0.02018  2
         140000        3.34704        0.14947  2
         140000        3.57926        0.17390  2
         140000        2.09853        0.06639  2
         140000        1.07713        0.03430  2
         140000        0.98426        0.03231  2
         140000        3.17170        0.13334  2
         140000        4.99203        0.43763  1
         140000        2.80689        0.10516  1
         140000        3.99794        0.22852  2
         140000        2.33067        0.07718  2
         140000        2.13446        0.06796  2
         140000        0.93261        0.03126  2
         140000        0.34064        0.02137  2
         140000        1.26679        0.03877  2
         140000        2.26527        0.07397  2
         140000        0.36607        0.02172  2
         140000        5.41470        0.57712  2
         140000        3.59513        0.17570  2
         140000        4.59289        0.33708  2
         140000        4.82871        0.39328  2
         140000        5.87967        0.78263  2
         140000        4.47461        0.31200  2
         140000        3.06522        0.12441  1
         140000        3.27757        0.14286  2
         140000        3.70366        0.18859  1
         140000        2.94479        0.11503  1
         140000        4.67687        0.35610  2
         140000        2.43410        0.08254  2
         140000        3.17831        0.13391  2
         140000        3.23519        0.13897  2
         140000        5.24589        0.51673  2
         140000        0.61104        0.02542  2
         140000        4.97045        0.43149  1
         140000        3.35313        0.15007  1
         140000        5.29060        0.53208  2
         140000        5.46725        0.59733  2
         140000        2.36117        0.07872  2
         140000        5.09589        0.46841  2
         140000        1.41343        0.04262  2
         140000        3.88505        0.21228  2
         140000        3.25421        0.14070  2
         140000        1.29210        0.03941  2
         140000        1.17790        0.03661  2
         140000        3.85458        0.20811  2
         140000        4.54447        0.32657  2
         140000        0.73673        0.02755  2
         140000        3.17921        0.13399  2
         140000        1.95022        0.06031  2
         140000        0.48522        0.02344  2
         140000        0.86669        0.02996  2
         140000        3.81594        0.20292  1
         140000        5.54620        0.62903  2
         140000        2.02971        0.06350  2
         140000        5.01512        0.44429  2
         140000        0.69383        0.02680  2
         140000        3.06240        0.12418  2
         140000        4.30750        0.27972  2
         140000        2.54900        0.08893  2
         140000        4.76940        0.37831  2
         140000        1.00241        0.03269  2
         140000        1.68948        0.05094  2
         140000        2.55641        0.08936  2
         140000        3.89709        0.21396  2
         140000        3.48629        0.16367  1
         140000        1.32650        0.04029  2
         140000        4.94102        0.42326  2
         140000        1.94326        0.06004  2
         140000        1.68561        0.05081  2
         140000        0.90420        0.03069  2
         140000        1.26551        0.03874  2
         140000        6.76470        1.39833  2
         140000        2.64937        0.09493  2
         140000        1.60871        0.04835  2
         140000        1.60278        0.04816  2
         140000        3.81056        0.20221  2
         140000        3.84298        0.20654  2
         140000        3.65884        0.18316  2
         140000        5.76092        0.72404  2
         140000        3.92442        0.21781  2
         140000        1.07215        0.03420  2
         140000        5.73020        0.70961  2
         140000        3.67211        0.18475  2
         140000        3.00000        0.11924  2
         140000        4.79963        0.38587  2
         140000        0.79750        0.02865  2
         140000        1.56963        0.04714  2
         140000        1.79485        0.05454  2
         140000        1.35468        0.04103  2
         140000        3.23261        0.13873  2
         140000        4.09194        0.24298  2
         140000        3.53800        0.16928  2
         140000        2.43560        0.08262  2
         140000        4.89124        0.40970  2
         140000        4.14257        0.25115  2
         140000        1.11116        0.03507  2
         140000        1.92272        0.05924  2
         140000        4.92332        0.41839  2
         140000        4.08307        0.24158  2
         140000        4.04792        0.23610  2
         140000        2.20732        0.07124  2
         140000        3.23281        0.13875  2
         140000        3.24481        0.13984  2
         140000        0.87507        0.03012  2
         140000        1.48242        0.04456  2
         140000        0.83711        0.02939  2
         140000        1.43957        0.04334  2
         140000        1.34347        0.04074  2
         140000        3.45840        0.16072  2
         140000        1.22183        0.03766  2
         140000        6.66507        1.30985  1
         140000        4.20188        0.26107  2
         140000        6.41495        1.11165  2
         140000        4.94319        0.42386  2
         140000        4.35949        0.28938  2
         140000        0.59915        0.02522  2
         140000        4.65125        0.35019  2
         140000        3.45434        0.16030  2
         140000        1.34896        0.04088  2
         140000        2.67624        0.09660  2
         140000        1.33326        0.04047  2
         140000        4.14397        0.25138  2
         140000        5.64343        0.67040  2
         140000        1.74170        0.05269  2
         140000        3.04489        0.12277  2
         140000        3.87669        0.21113  2
         140000        4.03223        0.23369  2
         140000        0.49634        0.02361  2
         140000        2.76265        0.10218  2
         140000        4.35104        0.28779  2
         140000        0.89402        0.03049  2
         140000        3.74593        0.19386  2
         140000        1.98707        0.06177  2
         140000        3.13143        0.12989  2
         140000        6.13782        0.92693  2
         140000        2.16906        0.06950  2
         140000        1.57173        0.04721  2
         140000        3.30884        0.14580  1
         140000        3.01185        0.12016  2
         140000        0.66381        0.02629  2
         140000        3.63625        0.18048  2
         140000        2.47167        0.08458  2
         140000        6.32884        1.05061  2
         140000        1.40602        0.04241  2
         140000        4.35880        0.28925  2
         140000        4.96741        0.43064  2
         140000        3.08724        0.12620  1
         140000        5.96688        0.82867  2
         140000        1.84368        0.05629  2
         140000        6.92437        1.55279  2
         140000        1.42076        0.04282  2
         140000        2.02640        0.06336  2
         140000        2.36842        0.07909  2
         140000        2.79804        0.10456  2
         160000        1.19867        0.03710  2
         160000        0.53737        0.02424  2
         160000        2.47756        0.08490  2
         160000        2.78992        0.10401  2
         160000        4.33264        0.28435  1
         160000        7.22513        1.89167  1
         160000        1.77852        0.05396  2
         160000        4.88375        0.40770  2
         160000        4.18210        0.25772  2
         160000        0.80656        0.02882  2
         160000        2.33759        0.07753  2
         160000        0.79386        0.02859  2
         160000        0.51824        0.02395  2
         160000        4.89470        0.41063  2
         160000        0.70215        0.02695  2
         160000        2.22820        0.07222  2
         160000        3.35436        0.15019  1
         160000        2.39411        0.08042  2
         160000        0.96137        0.03184  2
         160000        6.04875        0.87436  2
         160000        3.04617        0.12288  2
         160000        3.47789        0.16278  2
         160000        2.42169        0.08188  2
         160000        3.39721        0.15444  2
         160000        3.05923        0.12392  2
         160000        1.98592        0.06172  2
         160000        4.42453        0.30195  2
         160000        2.71260        0.09891  2
         160000        4.46344        0.30972  2
         160000        2.20990        0.07136  2
         160000        1.51586        0.04553  2
         160000        2.79245        0.10418  2
         160000        5.79915        0.74240  2
         160000        0.91023        0.03081  2
         160000        4.41938        0.30093  2
         160000        1.54256        0.04633  2
         160000        6.43555        1.12677  2
         160000        3.11114        0.12818  2
         160000        3.17317        0.13347  2
         160000        4.05916        0.23784  1
         160000        3.86927        0.21011  2
         160000        5.61970        0.66006  2
         160000        2.19307        0.07059  2
         160000        2.51768        0.08714  2
         160000        4.25741        0.27071  2
         160000        3.72222        0.19089  2
         160000        1.91578        0.05898  2
         160000        2.18008        0.07000  2
         160000        0.76955        0.02814  2
         160000        1.07904        0.03435  2
         160000        3.62102        0.17870  2
         160000        1.83080        0.05582  2
         160000        2.28204        0.07478  2
         160000        4.24691        0.26886  2
         160000        1.75506        0.05315  2
         160000        0.36391        0.02169  2
         160000        1.46969        0.04419  2
         160000        3.08359        0.12591  2
         160000        2.49764        0.08602  2
         160000        1.63065        0.04904  2
         160000        2.66525        0.09591  2
         160000        2.93209        0.11408  2
         160000        2.72433        0.09967  1
         160000        2.63089        0.09379  2
         160000        0.77200        0.02819  2
         160000        1.99448        0.06206  2
         160000        0.39956        0.02219  2
         160000        0.50111        0.02368  2
         160000        1.68183        0.05069  2
         160000        0.45990        0.02307  2
         160000        0.48496        0.02344  2
         160000        0.37617        0.02186  2
         160000        4.99887        0.43959  2
         160000        3.19580        0.13545  2
         160000        3.51944        0.16724  1
         160000        4.45948        0.30892  2
         160000        5.46467        0.59632  2
         160000        5.22932        0.51116  2
         160000        3.94541        0.22082  2
         160000        1.10674        0.03497  2
         160000        3.47345        0.16231  1
         160000        4.51364        0.32006  2
         160000        4.46014        0.30906  2
         160000        3.01255        0.12022  2
         160000        1.90002        0.05838  2
         160000        3.85045        0.20755  2
         160000        5.06749        0.45978  2
         160000        0.72265        0.02731  2
         160000        6.34440        1.06139  1
         160000        2.83281        0.10695  1
         160000        6.05731        0.87927  2
         160000        5.94384        0.81625  2
         160000        2.55249        0.08914  2
         160000        4.06582        0.23887  2
         160000        1.70484        0.05145  2
         160000        4.86303        0.40221  2
         160000        6.04222        0.87062  1
         160000        1.97178        0.06116  2
         160000        1.10938        0.03503  2
         160000        1.71546        0.05181  2
         160000        3.87104        0.21035  2
         160000        4.66183        0.35262  2
         160000        2.06323        0.06489  2
         160000        3.75290        0.19475  2
         160000        1.04971        0.03370  2
         160000        0.74548        0.02771  2
         160000        5.83734        0.76122  1
         160000        2.03825        0.06385  2
         160000        3.82882        0.20464  1
         160000        5.58182        0.64388  2
         160000        2.26695        0.07405  2
         160000        4.82913        0.39339  2
         160000        1.38165        0.04175  2
         160000        2.75696        0.10180  2
         160000        4.15118        0.25257  2
         160000        2.13763        0.06810  2
         160000        5.96648        0.82845  2
         160000        1.46100        0.04395  2
         160000        2.09854        0.06639  2
         160000        5.15737        0.48764  2
         160000        2.96473        0.11653  2
         160000        3.98065        0.22595  2
         160000        3.83624        0.20563  2
         160000        3.73462        0.19244  1
         160000        1.50699        0.04527  2
         160000        4.97747        0.43348  2
         160000        2.55608        0.08934  2
         160000        1.81905        0.05540  2
         160000        0.82084        0.02909  2
         160000        1.05421        0.03380  2
         160000        0.79836        0.02867  2
         160000        5.75964        0.72343  2
         160000        2.85239        0.10832  2
         160000        0.74353        0.02768  2
         160000        0.56610        0.02469  2
         160000        1.62569        0.04888  2
         160000        2.54755        0.08885  2
         160000        3.43616        0.15841  2
         160000        4.77676        0.38014  2
         160000        3.68334        0.18611  2
         160000        3.93905        0.21990  2
         160000        3.74892        0.19424  2
         160000        2.56711        0.08999  2
         160000        2.64386        0.09459  2
         160000        5.15699        0.48752  2
         160000        2.71365        0.09898  2
         160000        3.68868        0.18676  2
         160000        5.13639        0.48099  2
         160000        2.03675        0.06379  2
         160000        4.31889        0.28181  2
         160000        0.49642        0.02361  2
         160000        2.84501        0.10780  2
         160000        1.43571        0.04324  2
         160000        3.41756        0.15650  2
         160000        5.94978        0.81944  2
         160000        3.51500        0.16676  2
         160000        2.69804        0.09798  1
         160000        3.43740        0.15854  2
         160000        5.00920        0.44257  2
         160000        5.07536        0.46216  2
         160000        1.18644        0.03681  2
         160000        0.70546        0.02701  2
         160000        4.89409        0.41047  1
         160000        4.97821        0.43369  2
         160000        5.31837        0.54184  2
         160000        3.77251        0.19726  2
         160000        2.40374        0.08093  2
         160000        5.89331        0.78966  1
         160000        4.89101        0.40964  2
         160000        3.50422        0.16559  2
         160000        0.81275        0.02893  2
         160000        2.88433        0.11059  2
         160000        1.81665        0.05531  2
         160000        1.25754        0.03854  2
         160000        2.86817        0.10944  2
         160000        2.08052        0.06562  2
         160000        1.84466        0.05632  2
         160000        4.95608        0.42745  1
         160000        2.77359        0.10291  2
         160000        5.96630        0.82836  1
         160000        5.57211        0.63980  2
         160000        6.61628        1.26859  2
         160000        4.55214        0.32821  2
         160000        0.56650        0.02470  2
         160000        6.83768        1.46692  2
         160000        1.90109        0.05842  2
         160000        1.37475        0.04157  2
         160000        1.98812        0.06181  2
         160000        4.18963        0.25899  2
         160000        3.01789        0.12064  2
         160000        3.62866        0.17959  2
         160000        1.10271        0.03488  2
         160000        5.58914        0.64697  2
         160000        0.86033        0.02983  2
         160000        4.45829        0.30869  2
         160000        2.23412        0.07249  2
         160000        3.45493        0.16036  2
         160000        0.19571        0.01947  2
         160000        1.10833        0.03500  2
         160000        2.70571        0.09847  2
         160000        4.20116        0.26095  2
         160000        1.89327        0.05812  2
         160000        3.89515        0.21369  2
         160000        1.28978        0.03935  2
         160000        4.55990        0.32988  2
         160000        5.23238        0.51218  2
         160000        1.91151        0.05882  2
         160000        1.42068        0.04282  2
         160000        4.28305        0.27529  1
         160000        1.03350        0.03335  2
         160000        2.71923        0.09934  2
         160000        0.39619        0.02214  2
         160000        5.55990        0.63470  2
         160000        1.77192        0.05373  2
         160000        1.62653        0.04891  2
         160000        2.93225        0.11410  2
         160000        4.68182        0.35726  2
         160000        2.97656        0.11743  1
         160000        4.25641        0.27054  2
         160000        1.42165        0.04284  2
         160000        7.48906        2.24957  2
         160000        1.70169        0.05135  2
         160000        3.09359        0.12673  2
         160000        2.68335        0.09705  2
         160000        0.85444        0.02972  2
         180000            NaN            NaN  2
         180000            NaN            NaN  2
         180000            NaN            NaN  2
         180000            NaN            NaN  1
         180000            NaN            NaN  2
         180000            NaN            NaN  2
         180000            NaN            NaN  2
         180000            NaN            NaN  2
         180000            NaN            NaN  2
         180000            NaN            NaN  2
         180000            NaN            NaN  2
         180000            NaN            NaN  2
         180000            NaN            NaN  2
         180000            NaN            NaN  2
         180000            NaN            NaN  2
         180000            NaN            NaN  2
         180000            NaN            NaN  1
         180000            NaN            NaN  2
         180000            NaN            NaN  2
         180000            NaN            NaN  2
         180000            NaN            NaN  2
         180000            NaN            NaN  2
         180000            NaN            NaN  2
         180000            NaN            NaN  2
         180000            NaN            NaN  2
         180000            NaN            NaN  2
         180000            NaN            NaN  2
         180000            NaN            NaN  2
         180000            NaN            NaN  2
         180000            NaN            NaN  2
         180000            NaN            NaN  2
         180000            NaN            NaN  2
         180000            NaN            NaN  2
         180000            NaN            NaN  2
         180000            NaN            NaN  2
         180000            NaN            NaN  2
         180000            NaN            NaN  2
         180000            NaN            NaN  2
         180000            NaN            NaN  1
         180000            NaN            NaN  2
         180000            NaN            NaN  2
         180000            NaN            NaN  2
         180000            NaN            NaN  2
         180000            NaN            NaN  2
         180000            NaN            NaN  2
         180000            NaN            NaN  2
         180000            NaN            NaN  2
         180000            NaN            NaN  2
         180000            NaN            NaN  2
         180000            NaN            NaN  2
         180000            NaN            NaN  1
         180000            NaN            NaN  2
         180000            NaN            NaN  2
         180000            NaN            NaN  2
         180000            NaN            NaN  2
         180000            NaN            NaN  2
         180000            NaN            NaN  2
         180000            NaN            NaN  2
         180000            NaN            NaN  2
         180000            NaN            NaN  2
         180000            NaN            NaN  2
         180000            NaN            NaN  2
         180000            NaN            NaN  2
         180000            NaN            NaN  2
         180000            NaN            NaN  2
         180000            NaN            NaN  2
         180000            NaN            NaN  2
         180000            NaN            NaN  2
         180000            NaN            NaN  2
         180000            NaN            NaN  2
         180000            NaN            NaN  2
         180000            NaN            NaN  2
         180000            NaN            NaN  2
         180000            NaN            NaN  2
         180000            NaN            NaN  2
         180000            NaN            NaN  2
         180000            NaN            NaN  2
         180000            NaN            NaN  2
         180000            NaN            NaN  2
         180000            NaN            NaN  2
         180000            NaN            NaN  2
         180000            NaN            NaN  2
         180000            NaN            NaN  2
         180000            NaN            NaN  2
         180000            NaN            NaN  2
         180000            NaN            NaN  2
         180000            NaN            NaN  2
         180000            NaN            NaN  2
         180000            NaN            NaN  2
         180000            NaN            NaN  1
         180000            NaN            NaN  2
         180000            NaN            NaN  2
         180000            NaN            NaN  2
         180000            NaN            NaN  2
         180000            NaN            NaN  2
         180000            NaN            NaN  2
         180000            NaN            NaN  2
         180000            NaN            NaN  2
         180000            NaN            NaN  2
         180000            NaN            NaN  2
         180000            NaN            NaN  2
         180000            NaN            NaN  2
         180000            NaN            NaN  2
         180000            NaN            NaN  2
         180000            NaN            NaN  2
         180000            NaN            NaN  2
         180000            NaN            NaN  1
         180000            NaN            NaN  2
         180000            NaN            NaN  1
         180000            NaN            NaN  2
         180000            NaN            NaN  2
         180000            NaN            NaN  2
         180000            NaN            NaN  2
         180000            NaN            NaN  2
         180000            NaN            NaN  2
         180000            NaN            NaN  2
         180000            NaN            NaN  2
         180000            NaN            NaN  2
         180000            NaN            NaN  2
         180000            NaN            NaN  2
         180000            NaN            NaN  2
         180000            NaN            NaN  2
         180000            NaN            NaN  2
         180000            NaN            NaN  1
         180000            NaN            NaN  2
         180000            NaN            NaN  1
         180000            NaN            NaN  2
         180000            NaN            NaN  2
         180000            NaN            NaN  2
         180000            NaN            NaN  2
         180000            NaN            NaN  2
         180000            NaN            NaN  2
         180000            NaN            NaN  2
         180000            NaN            NaN  2
         180000            NaN            NaN  2
         180000            NaN            NaN  2
         180000            NaN            NaN  2
         180000            NaN            NaN  2
         180000            NaN            NaN  2
         180000            NaN            NaN  2
         180000            NaN            NaN  2
         180000            NaN            NaN  2
         180000            NaN            NaN  2
         180000            NaN            NaN  2
         180000            NaN            NaN  1
         180000            NaN            NaN  2
         180000            NaN            NaN  2
         180000            NaN            NaN  2
         180000            NaN            NaN  2
         180000            NaN            NaN  2
         180000            NaN            NaN  2
         180000            NaN            NaN  2
         180000            NaN            NaN  2
         180000            NaN            NaN  2
         180000            NaN            NaN  2
         180000            NaN            NaN  2
         180000            NaN            NaN  2
         180000            NaN            NaN  2
         180000            NaN            NaN  2
         180000            NaN            NaN  2
         180000            NaN            NaN  2
         180000            NaN            NaN  2
         180000            NaN            NaN  2
         180000            NaN            NaN  2
         180000            NaN            NaN  2
         180000            NaN            NaN  2
         180000            NaN            NaN  2
         180000            NaN            NaN  2
         180000            NaN            NaN  2
         180000            NaN            NaN  2
         180000            NaN            NaN  1
         180000            NaN            NaN  2
         180000            NaN            NaN  2
         180000            NaN            NaN  2
         180000            NaN            NaN  1
         180000            NaN            NaN  2
         180000            NaN            NaN  2
         180000            NaN            NaN  2
         180000            NaN            NaN  2
         180000            NaN            NaN  2
         180000            NaN            NaN  2
         180000            NaN            NaN  2
         180000            NaN            NaN  2
         180000            NaN            NaN  2
         180000            NaN            NaN  2
         180000            NaN            NaN  2
         180000            NaN            NaN  2
         180000            NaN            NaN  2
         180000            NaN            NaN  2
         180000            NaN            NaN  2
         180000            NaN            NaN  2
         180000            NaN            NaN  2
         180000            NaN            NaN  2
         180000            NaN            NaN  2
         180000            NaN            NaN  2
         180000            NaN            NaN  2
         180000            NaN            NaN  2
         180000            NaN            NaN  2
         180000            NaN            NaN  2
         180000            NaN            NaN  2
         180000            NaN            NaN  2
         180000            NaN            NaN  2
         180000            NaN            NaN  2
         180000            NaN            NaN  2
         180000            NaN            NaN  2
         180000            NaN            NaN  2
         180000            NaN            NaN  2
         180000            NaN            NaN  1
         180000            NaN            NaN  2
         180000            NaN            NaN  2
         180000            NaN            NaN  2
         180000            NaN            NaN  2
         180000            NaN            NaN  2
         180000            NaN            NaN  2
         180000            NaN            NaN  2
