          20000        4.85673        0.40055  1
          20000        1.43996        0.04335  1
          20000        0.75900        0.02795  1
          20000        5.19958        0.50130  1
          20000        3.07565        0.12526  1
          20000        4.60098        0.33886  1
          20000        0.70432        0.02699  1
          20000        2.22166        0.07191  1
          20000        4.78186        0.38141  1
          20000       10.22404       13.57620  2
          20000        1.74368        0.05276  1
          20000        2.38938        0.08018  1
          20000        2.18623        0.07028  1
          20000        5.09508        0.46816  1
          20000        5.64251        0.66999  1
          20000        4.25077        0.26954  1
          20000        3.50895        0.16610  1
          20000        3.48989        0.16405  1
          20000        3.46659        0.16158  1
          20000        2.73232        0.10019  1
          20000        5.56349        0.63619  1
          20000        5.39108        0.56827  1
          20000        1.93263        0.05963  1
          20000        2.09105        0.06607  1
          20000        2.67340        0.09642  1
          20000        1.84094        0.05619  1
          20000        1.61722        0.04862  1
          20000        2.32856        0.07707  1
          20000        3.38124        0.15284  1
          20000        3.81805        0.20320  1
          20000        3.08166        0.12575  1
          20000        2.79728        0.10451  1
          20000        1.56293        0.04694  1
          20000        6.44543        1.13410  1
          20000        2.57842        0.09065  2
          20000        2.57741        0.09059  1
          20000       12.23114       50.84943  2
          40000        5.81625        0.75077  2
          40000        2.29717        0.07552  1
          40000        2.76939        0.10263  1
          40000        3.35479        0.15023  2
          40000        0.33039        0.02123  1
          40000        3.55572        0.17125  1
          40000        1.59140        0.04781  2
          40000        2.13047        0.06778  1
          40000        2.54783        0.08887  1
          40000        3.59799        0.17603  1
          40000        5.63227        0.66551  2
          40000        4.38544        0.29433  1
          40000        1.68235        0.05071  2
          40000        2.48382        0.08525  1
          40000        2.99196        0.11862  1
          40000        3.33944        0.14873  2
          40000        3.65582        0.18280  1
          40000        1.73580        0.05249  2
          40000        5.31113        0.53928  2
          40000        1.68438        0.05077  1
          40000        5.31125        0.53932  1
          40000        6.78985        1.42160  1
          40000        2.95216        0.11558  1
          40000        5.39048        0.56804  2
          40000        4.09871        0.24406  2
          40000        2.48839        0.08550  1
          40000        4.35696        0.28891  1
          40000        1.56573        0.04702  2
          40000        3.54907        0.17051  1
          40000        1.96759        0.06099  1
          40000        4.04828        0.23615  1
          40000        4.10622        0.24526  1
          40000        3.67519        0.18512  1
          40000        3.25267        0.14056  2
          40000        2.54119        0.08848  1
          40000        4.28992        0.27653  1
          40000        4.53616        0.32480  1
          40000        6.95743        1.58685  2
          40000        3.07207        0.12497  1
          40000        4.70320        0.36229  2
          60000        3.08329        0.12588  2
          60000        9.11349        6.54078  2
          60000        2.85070        0.10820  1
          60000        3.86908        0.21008  1
          60000        4.58881        0.33618  1
          60000        2.03370        0.06366  1
          60000        3.36164        0.15090  2
          60000        1.10974        0.03503  1
          60000        2.20648        0.07121  1
          60000        6.99222        1.62350  2
          60000        4.99933        0.43972  1
          60000        4.30715        0.27966  1
          60000        3.81909        0.20334  1
          60000        2.59784        0.09180  1
          60000        4.40209        0.29755  1
          60000        4.50179        0.31759  2
          60000        3.14052        0.13066  1
          60000        6.02443        0.86053  1
          60000        2.39793        0.08062  1
          60000        2.83410        0.10704  1
          60000        2.34915        0.07811  2
          60000        3.29025        0.14404  1
          60000        2.89564        0.11141  2
          60000        6.38764        1.09191  1
          60000        6.74993        1.38485  2
          60000        3.34812        0.14958  1
          60000        3.42136        0.15689  1
          60000        2.69763        0.09795  1
          60000        2.74616        0.10109  2
          60000        3.36270        0.15100  1
          60000        2.78484        0.10367  1
          60000        2.63550        0.09408  2
          60000        3.24306        0.13968  1
          60000        5.09336        0.46763  1
          60000        5.17729        0.49404  1
          60000        3.31077        0.14598  1
          60000        6.54984        1.21449  2
          60000        4.01463        0.23102  1
          60000        5.29688        0.53427  2
          60000        9.30578        7.42217  2
          60000        0.80895        0.02886  1
          60000        3.69863        0.18797  1
          60000        4.39458        0.29610  1
          60000        6.04587        0.87270  2
          60000        0.64240        0.02593  2
          60000        3.92758        0.21826  1
          60000        6.19706        0.96364  2
          60000        6.09030        0.89850  1
          60000        3.74120        0.19327  1
          60000        3.49284        0.16437  1
          60000        2.55333        0.08919  1
          60000        5.05280        0.45538  2
          60000        1.06239        0.03398  1
          60000        3.30210        0.14516  1
          60000        1.83501        0.05597  1
          60000        5.12277        0.47672  2
          60000        4.17671        0.25681  2
          60000        2.69335        0.09768  1
          60000        2.94001        0.11467  1
          60000        6.06221        0.88211  1
          60000        5.77343        0.73000  1
          60000        4.02658        0.23283  2
          60000        6.24089        0.99173  1
          60000        5.10795        0.47212  1
          60000        2.80312        0.10491  1
          60000        5.94537        0.81707  1
          60000        3.06379        0.12429  1
          60000        5.38335        0.56539  1
          60000        6.72167        1.35941  2
          60000        1.03875        0.03347  1
          60000       10.03049       11.95343  2
          60000        2.33688        0.07749  1
          60000        3.05271        0.12340  1
          60000        6.62897        1.27919  2
          60000        2.28871        0.07511  1
          60000        2.28668        0.07501  1
          60000        3.13425        0.13013  1
          80000            NaN            NaN  2
          80000            NaN            NaN  2
          80000            NaN            NaN  1
          80000            NaN            NaN  1
          80000            NaN            NaN  1
          80000            NaN            NaN  1
          80000            NaN            NaN  1
          80000            NaN            NaN  1
          80000            NaN            NaN  2
          80000            NaN            NaN  1
          80000            NaN            NaN  2
          80000            NaN            NaN  1
          80000            NaN            NaN  1
          80000            NaN            NaN  1
          80000            NaN            NaN  2
          80000            NaN            NaN  2
          80000            NaN            NaN  1
          80000            NaN            NaN  1
          80000            NaN            NaN  1
          80000            NaN            NaN  1
          80000            NaN            NaN  1
          80000            NaN            NaN  1
          80000            NaN            NaN  1
          80000            NaN            NaN  1
          80000            NaN            NaN  2
          80000            NaN            NaN  1
          80000            NaN            NaN  1
          80000            NaN            NaN  1
          80000            NaN            NaN  2
          80000            NaN            NaN  1
          80000            NaN            NaN  2
          80000            NaN            NaN  1
          80000            NaN            NaN  1
          80000            NaN            NaN  1
          80000            NaN            NaN  2
          80000            NaN            NaN  2
          80000            NaN            NaN  2
          80000            NaN            NaN  1
          80000            NaN            NaN  1
          80000            NaN            NaN  1
          80000            NaN            NaN  1
          80000            NaN            NaN  1
          80000            NaN            NaN  1
          80000            NaN            NaN  1
          80000            NaN            NaN  1
          80000            NaN            NaN  1
          80000            NaN            NaN  1
          80000            NaN            NaN  2
          80000            NaN            NaN  1
          80000            NaN            NaN  1
          80000            NaN            NaN  1
          80000            NaN            NaN  1
          80000            NaN            NaN  2
          80000            NaN            NaN  2
          80000            NaN            NaN  2
          80000            NaN            NaN  1
          80000            NaN            NaN  1
          80000            NaN            NaN  2
          80000            NaN            NaN  2
          80000            NaN            NaN  1
          80000            NaN            NaN  1
          80000            NaN            NaN  2
          80000            NaN            NaN  2
          80000            NaN            NaN  1
          80000            NaN            NaN  1
          80000            NaN            NaN  2
          80000            NaN            NaN  2
          80000            NaN            NaN  1
          80000            NaN            NaN  2
          80000            NaN            NaN  1
          80000            NaN            NaN  1
          80000            NaN            NaN  1
          80000            NaN            NaN  2
          80000            NaN            NaN  1
          80000            NaN            NaN  1
          80000            NaN            NaN  1
          80000            NaN            NaN  1
          80000            NaN            NaN  1
          80000            NaN            NaN  1
          80000            NaN            NaN  1
          80000            NaN            NaN  1
          80000            NaN            NaN  2
          80000            NaN            NaN  1
          80000            NaN            NaN  1
          80000            NaN            NaN  1
          80000            NaN            NaN  1
          80000            NaN            NaN  1
          80000            NaN            NaN  2
          80000            NaN            NaN  2
          80000            NaN            NaN  2
