          20000        2.96659        0.11667  1
          20000        3.43347        0.15813  1
          20000        3.96637        0.22386  1
          20000        3.07404        0.12512  1
          20000        3.66817        0.18428  1
          20000        3.73728        0.19277  1
          20000        1.47051        0.04422  2
          20000        3.81149        0.20234  1
          20000        1.06046        0.03394  2
          20000        3.58462        0.17450  1
          20000        1.60789        0.04832  1
          20000        2.57932        0.09070  1
          20000        2.66147        0.09568  2
          20000        1.32065        0.04014  1
          20000       10.09470       12.46904  2
          20000        4.58233        0.33476  1
          20000        5.61561        0.65829  2
          20000        6.53329        1.20137  2
          20000        0.42548        0.02256  1
          20000        3.17405        0.13354  1
          20000        2.81463        0.10569  1
          20000        2.50383        0.08636  2
          20000        2.56766        0.09002  1
          20000        2.98260        0.11790  1
          20000        8.44919        4.22676  2
          20000        3.11649        0.12863  1
          20000        1.03215        0.03332  1
          20000        2.75548        0.10171  1
          20000        2.90144        0.11183  1
          20000        5.73166        0.71029  2
          20000        7.70242        2.58791  2
          20000        2.61095        0.09259  1
          20000        5.81002        0.74771  1
          20000        2.82596        0.10647  2
          20000        3.88849        0.21276  1
          20000        6.26818        1.00964  2
          20000        5.56475        0.63672  1
          20000        3.80218        0.20111  1
          20000        5.58438        0.64496  1
          20000        3.02876        0.12149  2
          20000        1.48748        0.04471  1
          20000        2.56993        0.09015  1
          20000        2.79452        0.10432  1
          20000        4.97037        0.43147  1
          20000        5.44446        0.58848  1
          20000        2.54814        0.08889  1
          20000        1.45188        0.04369  1
          20000        3.65987        0.18328  1
          20000        2.09314        0.06616  1
          20000        4.18245        0.25778  1
          20000        8.28941        3.80549  2
          20000        3.77735        0.19788  1
          20000        4.12134        0.24769  1
          20000        1.17197        0.03647  1
          20000        3.88815        0.21271  1
          20000        2.73642        0.10045  1
          20000        2.19310        0.07059  1
          20000       12.19895       49.78345  2
          40000        4.54114        0.32586  2
          40000        2.62339        0.09334  1
          40000        2.54618        0.08877  1
          40000        2.00860        0.06263  1
          40000        2.81059        0.10542  2
          40000        2.27543        0.07446  2
          40000        1.58531        0.04762  1
          40000        4.49629        0.31645  1
          40000        3.68751        0.18662  2
          40000        1.49049        0.04479  2
          40000        1.66769        0.05023  1
          40000        2.61644        0.09292  1
          40000        3.85609        0.20831  1
          40000        4.42125        0.30130  1
          40000        1.89967        0.05837  1
          40000        3.37526        0.15224  2
          40000       11.57250       32.96478  2
          40000        1.42217        0.04286  2
          40000        7.53721        2.32184  2
          40000        3.90350        0.21486  1
          40000        5.53127        0.62291  1
          40000        9.14594        6.68179  2
          40000        4.50243        0.31772  1
          40000        2.57422        0.09040  1
          40000        5.95932        0.82457  1
          40000        2.10484        0.06666  1
          40000        5.19483        0.49975  2
          40000        1.66881        0.05027  1
          40000        4.20344        0.26134  2
          40000        4.79976        0.38590  1
          40000        3.04668        0.12292  1
          40000        3.29776        0.14475  1
          40000        4.08763        0.24230  1
          40000        2.87173        0.10969  1
          40000        1.60331        0.04818  1
          40000        5.74028        0.71432  1
          40000        5.37256        0.56141  1
          40000        2.40715        0.08111  1
          40000        1.80809        0.05501  1
          40000        3.31711        0.14658  1
          40000        1.56463        0.04699  1
          40000        4.90629        0.41375  1
          40000        7.48693        2.24643  2
          40000        3.61070        0.17750  2
          40000        1.56258        0.04693  2
          40000        5.37093        0.56082  1
          40000        4.43779        0.30458  2
          40000        1.42772        0.04301  2
          40000        0.92839        0.03117  1
          40000        8.63388        4.77218  2
          40000        3.38368        0.15308  1
          40000        3.83350        0.20526  1
          40000        4.80035        0.38605  2
          40000        1.25579        0.03849  1
          40000        3.01117        0.12011  1
          40000        2.19439        0.07065  1
          40000        4.67497        0.35566  1
          40000        2.95051        0.11546  1
          40000        5.43468        0.58472  1
          40000        1.77613        0.05388  1
          40000        0.98669        0.03236  1
          40000        9.27532        7.27499  2
          40000        5.25704        0.52052  1
          40000        6.44568        1.13428  1
          40000        5.26823        0.52434  1
          40000        4.43328        0.30368  1
          40000        3.12304        0.12918  1
          40000        5.70700        0.69891  1
          40000       13.37430      107.90734  2
          60000        6.05642        0.87876  2
          60000        6.59045        1.24728  1
          60000        1.90765        0.05867  1
          60000        1.40380        0.04235  1
          60000        3.02919        0.12153  1
          60000        1.52052        0.04567  1
          60000        3.24025        0.13943  1
          60000        5.37172        0.56111  1
          60000        2.63073        0.09378  1
          60000        0.67791        0.02653  2
          60000        4.48266        0.31364  2
          60000        3.23337        0.13880  1
          60000        3.89007        0.21298  2
          60000        2.54052        0.08845  1
          60000        4.22855        0.26566  1
          60000        1.12274        0.03533  2
          60000        6.81719        1.44734  1
          60000        6.10117        0.90492  2
          60000        2.73549        0.10039  2
          60000        3.48494        0.16353  1
          60000        2.15199        0.06873  1
          60000        5.03698        0.45069  1
          60000        5.32392        0.54381  2
          60000        2.88875        0.11091  1
          60000        1.30598        0.03976  1
          60000        3.91465        0.21643  1
          60000        2.55396        0.08922  2
          60000       10.50343       16.31514  2
          60000        2.50978        0.08670  1
          60000        2.55708        0.08940  1
          60000        3.41495        0.15623  1
          60000        9.98826       11.62604  2
          60000        3.61838        0.17839  1
          60000        2.06507        0.06497  1
          60000        1.08165        0.03440  1
          60000        5.75454        0.72102  1
          60000        7.44370        2.18356  2
          60000        3.17559        0.13368  1
          60000        3.63769        0.18065  1
          60000        3.87151        0.21042  1
          60000        4.26420        0.27192  2
          60000        3.89231        0.21329  1
          60000        4.04138        0.23509  2
          60000        2.42619        0.08212  1
          60000        2.73292        0.10022  1
          60000        5.64024        0.66900  1
          60000        3.51424        0.16668  1
          60000        2.51382        0.08693  1
          60000        2.78284        0.10353  1
          60000       10.36793       14.92389  2
          60000        3.01418        0.12034  2
          60000        4.02047        0.23190  2
          60000        2.83425        0.10705  1
          60000        9.43412        8.07564  2
          60000        3.35395        0.15015  1
          60000        7.04265        1.67813  2
          60000        3.54150        0.16967  1
          60000        3.56445        0.17223  1
          60000        3.70808        0.18914  1
          60000        3.19050        0.13498  1
          60000        5.86129        0.77326  1
          60000        2.83866        0.10736  1
          60000        3.32554        0.14739  1
          60000        3.60754        0.17713  1
          60000        2.39638        0.08054  1
          60000        2.73699        0.10049  1
          60000       10.91275       21.35654  2
          60000        4.36709        0.29082  1
          60000        2.52916        0.08780  1
          60000        3.91684        0.21674  1
          60000        2.81601        0.10579  1
          60000        5.71558        0.70285  2
          60000        2.62378        0.09336  1
          80000        6.09763        0.90282  2
          80000        4.42099        0.30125  1
          80000        2.48051        0.08507  1
          80000        4.73042        0.36879  2
          80000        4.16975        0.25565  1
          80000        2.50370        0.08636  2
          80000        3.98677        0.22686  2
          80000        6.68359        1.32586  2
          80000        4.20575        0.26173  1
          80000        7.35432        2.05911  2
          80000        5.28626        0.53057  1
          80000        4.81363        0.38942  1
          80000        4.38822        0.29487  2
          80000        6.78537        1.41743  2
          80000        7.86214        2.87414  1
          80000        4.59417        0.33736  1
          80000        6.04345        0.87132  1
          80000        4.80851        0.38812  1
          80000        6.01767        0.85672  2
          80000        2.68986        0.09746  1
          80000        5.62416        0.66199  1
          80000        5.46098        0.59488  2
          80000        4.10407        0.24491  1
          80000        2.18782        0.07035  2
          80000        4.19081        0.25919  1
          80000        3.75545        0.19507  1
          80000        4.32026        0.28206  1
          80000        1.78375        0.05415  1
          80000        9.59677        8.98715  2
          80000        4.22776        0.26552  1
          80000        3.59712        0.17593  1
          80000        1.71062        0.05164  1
          80000        4.06631        0.23895  2
          80000        0.97889        0.03220  2
          80000        0.82598        0.02918  2
          80000        6.35503        1.06881  1
          80000        0.57734        0.02487  1
          80000        6.47047        1.15287  1
          80000        4.76622        0.37753  1
          80000        5.31417        0.54036  1
          80000        2.43730        0.08271  2
          80000        3.10433        0.12762  2
          80000        0.71015        0.02709  1
          80000        4.45262        0.30754  1
          80000        3.63055        0.17981  1
          80000        5.00018        0.43997  1
          80000        9.27948        7.29493  2
          80000        4.16322        0.25456  1
          80000        3.96444        0.22358  1
          80000        4.36432        0.29030  1
          80000        2.73190        0.10016  1
          80000        1.77812        0.05395  1
          80000        6.04992        0.87503  1
          80000        4.17006        0.25570  1
          80000        4.04658        0.23589  1
          80000        4.76537        0.37732  1
          80000        3.92732        0.21822  1
          80000        5.78039        0.73334  1
          80000        1.76039        0.05333  1
          80000        4.85287        0.39954  1
          80000        1.61808        0.04864  1
          80000        6.94664        1.57565  1
          80000        4.15960        0.25396  2
          80000        4.75607        0.37503  1
         100000            NaN            NaN  2
         100000            NaN            NaN  2
         100000            NaN            NaN  1
         100000            NaN            NaN  1
         100000            NaN            NaN  1
         100000            NaN            NaN  2
         100000            NaN            NaN  2
         100000            NaN            NaN  2
         100000            NaN            NaN  2
         100000            NaN            NaN  1
         100000            NaN            NaN  1
         100000            NaN            NaN  2
         100000            NaN            NaN  1
         100000            NaN            NaN  1
         100000            NaN            NaN  1
         100000            NaN            NaN  1
         100000            NaN            NaN  2
         100000            NaN            NaN  1
         100000            NaN            NaN  1
         100000            NaN            NaN  2
         100000            NaN            NaN  1
         100000            NaN            NaN  1
         100000            NaN            NaN  1
         100000            NaN            NaN  1
         100000            NaN            NaN  1
         100000            NaN            NaN  1
         100000            NaN            NaN  1
         100000            NaN            NaN  1
         100000            NaN            NaN  1
         100000            NaN            NaN  2
         100000            NaN            NaN  2
         100000            NaN            NaN  1
         100000            NaN            NaN  2
         100000            NaN            NaN  1
         100000            NaN            NaN  1
         100000            NaN            NaN  1
         100000            NaN            NaN  2
         100000            NaN            NaN  1
         100000            NaN            NaN  1
         100000            NaN            NaN  1
         100000            NaN            NaN  1
         100000            NaN            NaN  2
         100000            NaN            NaN  1
         100000            NaN            NaN  2
         100000            NaN            NaN  1
         100000            NaN            NaN  2
         100000            NaN            NaN  1
         100000            NaN            NaN  1
         100000            NaN            NaN  1
         100000            NaN            NaN  1
         100000            NaN            NaN  1
         100000            NaN            NaN  2
         100000            NaN            NaN  2
         100000            NaN            NaN  1
         100000            NaN            NaN  1
         100000            NaN            NaN  1
         100000            NaN            NaN  2
         100000            NaN            NaN  2
         100000            NaN            NaN  1
         100000            NaN            NaN  1
         100000            NaN            NaN  1
         100000            NaN            NaN  1
         100000            NaN            NaN  1
         100000            NaN            NaN  1
         100000            NaN            NaN  2
         100000            NaN            NaN  1
         100000            NaN            NaN  1
         100000            NaN            NaN  1
         100000            NaN            NaN  1
         100000            NaN            NaN  1
         100000            NaN            NaN  1
         100000            NaN            NaN  1
         100000            NaN            NaN  1
         100000            NaN            NaN  1
         100000            NaN            NaN  2
         100000            NaN            NaN  2
